loss: [0.5577212572097778, 0.47761815786361694, 0.4558630883693695, 0.43742164969444275, 0.43035900592803955, 0.42112013697624207, 0.4157350957393646, 0.4118255376815796, 0.4042198956012726, 0.403166264295578, 0.3770363926887512, 0.3714854419231415, 0.3720007538795471, 0.3562966287136078, 0.3529961407184601, 0.35087722539901733, 0.3435746729373932, 0.34331992268562317, 0.3419991433620453, 0.3369026482105255, 0.3362918496131897, 0.335989773273468, 0.33303382992744446, 0.33289629220962524, 0.3325485289096832, 0.331087201833725, 0.33105671405792236]
val_loss: [0.8484620451927185, 0.5605872869491577, 0.5508115887641907, 0.5736343264579773, 0.5864134430885315, 0.4988690912723541, 0.4792718291282654, 0.5220126509666443, 0.6977763772010803, 0.5405935645103455, 0.5460577011108398, 0.6283631324768066, 0.5422014594078064, 0.5408567190170288, 0.609783411026001, 0.5398856997489929, 0.5311905741691589, 0.5379345417022705, 0.5176156759262085, 0.5293840169906616, 0.561362087726593, 0.5425848364830017, 0.5213097333908081, 0.5360080003738403, 0.5317645072937012, 0.5482313632965088, 0.5450561046600342]
learning_rate: [0.0010000000474974513, 0.0010000000474974513, 0.0010000000474974513, 0.0010000000474974513, 0.0010000000474974513, 0.0010000000474974513, 0.0010000000474974513, 0.0010000000474974513, 0.0010000000474974513, 0.0010000000474974513, 0.0005000000237487257, 0.0005000000237487257, 0.0005000000237487257, 0.0002500000118743628, 0.0002500000118743628, 0.0002500000118743628, 0.0001250000059371814, 0.0001250000059371814, 0.0001250000059371814, 6.25000029685907e-05, 6.25000029685907e-05, 6.25000029685907e-05, 3.125000148429535e-05, 3.125000148429535e-05, 3.125000148429535e-05, 1.5625000742147677e-05, 1.5625000742147677e-05]
