test_mse: 0.5478863322489672
test_rmse: 0.18734694864554963
test_r2: 0.4518570039397338
