loss: [0.5577212572097778, 0.47761815786361694, 0.4558630883693695, 0.43742164969444275, 0.43035900592803955, 0.42112013697624207, 0.4157350957393646, 0.4118255376815796, 0.4042198956012726, 0.403166264295578, 0.3770363926887512, 0.3714854419231415]
val_loss: [0.8484620451927185, 0.5605872869491577, 0.5508115887641907, 0.5736343264579773, 0.5864134430885315, 0.4988690912723541, 0.4792718291282654, 0.5220126509666443, 0.6977763772010803, 0.5405935645103455, 0.5460577011108398, 0.6283631324768066]
learning_rate: [0.0010000000474974513, 0.0010000000474974513, 0.0010000000474974513, 0.0010000000474974513, 0.0010000000474974513, 0.0010000000474974513, 0.0010000000474974513, 0.0010000000474974513, 0.0010000000474974513, 0.0010000000474974513, 0.0005000000237487257, 0.0005000000237487257]
