test_mse: 0.026449137491373974
test_rmse: 0.16263190797433932
test_r2: 0.5869409561817023
